4
9
16
25
36
49
64
81
100
121
144
169
196
225
256
289
324
361
400
441
484
529
576
625
676
729
784
841
900
961
1 024
1 089
1 156
6,25
30,7761404365093
53,7372683948633
75,0125203226015
94,5175317766339
116,899961792899
148,43483164237
196,691317189337
258,432368427283
321,871274568125
380,257499077168
438,783324514796
500,476472204096
565,667171127192
634,2772928979
705,751491936222
779,207334553102
852,954737127087
924,302568258508
985,468659903646
1 027,8642651441
1 066,64378612618
1 124,85832440762
1 205,89866221894
1 298,82062132705
1 402,63526898099
1 518,02999882877
1 657,07285126302
1 808,93424357833
1 932,40090444473
1 989,42202980929
1 966,08538353594
1 806,25
9
50,5732974127664
88,7990495612625
122,98692728326
147,238593236097
166,178297101109
214,081313889952
280,281575648578
414,845933984749
515,127540940329
598,204733770903
687,212842313353
780,550517681983
879,470042448587
983,265297701342
1 091,03226542648
1 201,02039464576
1 311,03954771388
1 414,66954781114
1 508,58230185243
1 545,14410488208
1 517,64213870572
1 603,37478836451
1 713,91532385178
1 846,53349837915
1 993,60915063161
2 163,81399295431
2 357,5940719654
2 682,73918413643
2 880,07390092794
2 931,19726403252
2 856,32176103823
2 601
12,25
69,266901165603
122,517448903384
172,933454509248
215,531293310789
0
0
0
614,276007093569
693,365513408273
797,548248463666
910,868367276868
1 033,49391602368
1 163,76846664979
1 300,8568220896
1 443,32895317761
1 589,34366512762
1 735,91751875345
1 880,25844450064
2 014,86187674183
2 148,25947338401
0
0
0
0
0
0
0
3 686,76881680519
3 839,96527432946
3 902,60045483934
3 818,62401063338
3 540,25
16
85,9956086380396
153,274804225824
220,76825104623
297,523563493812
408,366450702532
508,825881404809
615,160097354116
729,979576336796
841,364445364144
966,181744854797
1 105,48979103835
1 255,53498660507
1 415,57394506337
1 584,32298753255
1 760,34480369833
1 941,4844019361
2 125,36802533166
2 307,28940764083
2 489,5472451863
2 661,05707276514
0
0
0
0
0
0
0
4 601,14066420717
4 810,99465410178
4 909,61629687246
4 867,07215386547
4 624
20,25
98,7857563333356
175,256456717277
255,681921898953
347,124337478964
451,089668353008
564,298315303817
685,138662077979
814,758867927706
953,508376564648
1 103,68131612103
1 267,1343274114
1 443,36724520683
1 631,47054676582
1 830,46247833461
2 038,90420809466
2 254,93313053739
2 475,57808200527
2 698,06319230837
2 915,00936517383
3 134,59845004772
0
0
0
0
0
0
0
5 503,58451155071
5 777,9914416008
5 964,1938807373
6 005,56846474646
5 852,25
25
105,042256490993
184,476831568621
270,117190912697
366,149342629486
475,870888248951
597,018430917235
730,500846985738
876,302821874685
1 034,39471780293
1 206,38434032066
1 392,65980705174
1 593,26618854795
1 807,77674564489
2 035,42584281839
2 275,1405090256
2 525,15383243978
2 783,27697547626
3 043,21019910659
3 301,67667945895
3 512,24896226468
3 668,7620538672
3 943,5796197705
4 250,6748039944
4 587,3787254494
4 946,25314450597
5 335,70368131522
5 756,01749860738
6 312,16255871443
6 750,18856017128
7 049,62122613548
7 227,29076970905
7 225
30,25
101,726583420405
176,111411228293
261,324894967779
360,149612954457
473,895120834232
602,801718730253
746,840999973686
906,179849879691
1 080,99520012323
1 271,69161224281
1 478,50538911429
1 701,48131302546
1 940,39535611834
2 194,89066350533
2 464,3289279737
2 747,80071824274
3 043,62748628465
3 349,16838928369
3 656,82789756054
3 958,2714977898
4 268,28630351045
4 609,32137305367
4 984,66218012209
5 383,65350186308
5 805,31737402863
6 250,27937952877
6 730,22701481294
7 234,31262085632
7 721,66200207555
8 153,70573509201
8 514,65926503366
8 742,25
36
81
144
225
324
441
576
729
900
1 089
1 296
1 521
1 764
2 025
2 304
2 601
2 916
3 249
3 600
3 969
4 356
4 761
5 184
5 625
6 084
6 561
7 056
7 569
8 100
8 649
9 216
9 801
10 404
4
9
16
25
36
49
64
81
100
121
144
169
196
225
256
289
324
361
400
441
484
529
576
625
676
729
784
841
900
961
1 024
1 089
1 156
6,25
30,7761404365091
53,737268394863
75,012520322601
94,5175317766337
116,899961792899
148,43483164237
196,691317189337
258,432368427283
321,871274568124
380,257499077168
438,783324514796
500,476472204096
565,667171127192
634,2772928979
705,751491936222
779,207334553102
852,954737127087
924,302568258508
985,468659903645
1 027,8642651441
1 066,64378612618
1 124,85832440762
1 205,89866221894
1 298,82062132705
1 402,63526898099
1 518,02999882878
1 657,07285126302
1 808,93424357834
1 932,40090444473
1 989,42202980929
1 966,08538353594
1 806,25
9
50,5732974127661
88,7990495612625
122,986927283259
147,238593236097
166,178297101109
214,081313889952
280,281575648578
414,845933984749
515,127540940328
598,204733770903
687,212842313352
780,550517681983
879,470042448587
983,265297701342
1 091,03226542648
1 201,02039464576
1 311,03954771388
1 414,66954781114
1 508,58230185243
1 545,14410488208
1 517,64213870572
1 603,37478836451
1 713,91532385178
1 846,53349837915
1 993,60915063161
2 163,81399295432
2 357,5940719654
2 682,73918413643
2 880,07390092795
2 931,19726403252
2 856,32176103823
2 601
12,25
69,2669011656027
122,517448903384
172,933454509248
215,531293310789
0
0
0
614,276007093569
693,365513408272
797,548248463665
910,868367276867
1 033,49391602368
1 163,76846664979
1 300,8568220896
1 443,32895317761
1 589,34366512762
1 735,91751875345
1 880,25844450064
2 014,86187674183
2 148,25947338401
0
0
0
0
0
0
0
3 686,76881680519
3 839,96527432946
3 902,60045483933
3 818,62401063338
3 540,25
16
85,9956086380395
153,274804225824
220,76825104623
297,523563493813
408,366450702533
508,825881404809
615,160097354115
729,979576336796
841,364445364144
966,181744854797
1 105,48979103835
1 255,53498660507
1 415,57394506337
1 584,32298753255
1 760,34480369833
1 941,4844019361
2 125,36802533165
2 307,28940764083
2 489,5472451863
2 661,05707276514
0
0
0
0
0
0
0
4 601,14066420717
4 810,99465410178
4 909,61629687246
4 867,07215386547
4 624
20,25
98,7857563333357
175,256456717277
255,681921898953
347,124337478964
451,089668353008
564,298315303816
685,138662077978
814,758867927705
953,508376564647
1 103,68131612103
1 267,1343274114
1 443,36724520683
1 631,47054676582
1 830,46247833461
2 038,90420809466
2 254,93313053739
2 475,57808200527
2 698,06319230837
2 915,00936517383
3 134,59845004772
0
0
0
0
0
0
0
5 503,5845115507
5 777,9914416008
5 964,1938807373
6 005,56846474646
5 852,25
25
105,042256490993
184,476831568621
270,117190912698
366,149342629486
475,870888248951
597,018430917235
730,500846985738
876,302821874684
1 034,39471780293
1 206,38434032066
1 392,65980705174
1 593,26618854795
1 807,77674564489
2 035,42584281839
2 275,1405090256
2 525,15383243978
2 783,27697547626
3 043,21019910659
3 301,67667945895
3 512,24896226468
3 668,7620538672
3 943,5796197705
4 250,6748039944
4 587,3787254494
4 946,25314450597
5 335,70368131521
5 756,01749860738
6 312,16255871442
6 750,18856017128
7 049,62122613547
7 227,29076970904
7 225
30,25
101,726583420405
176,111411228294
261,324894967779
360,149612954457
473,895120834232
602,801718730253
746,840999973686
906,179849879691
1 080,99520012323
1 271,69161224281
1 478,50538911429
1 701,48131302546
1 940,39535611834
2 194,89066350533
2 464,3289279737
2 747,80071824274
3 043,62748628465
3 349,16838928369
3 656,82789756054
3 958,2714977898
4 268,28630351045
4 609,32137305367
4 984,66218012209
5 383,65350186308
5 805,31737402863
6 250,27937952877
6 730,22701481294
7 234,31262085632
7 721,66200207554
8 153,70573509201
8 514,65926503366
8 742,25
36
81
144
225
324
441
576
729
900
1 089
1 296
1 521
1 764
2 025
2 304
2 601
2 916
3 249
3 600
3 969
4 356
4 761
5 184
5 625
6 084
6 561
7 056
7 569
8 100
8 649
9 216
9 801
10 404
4
9
16
25
36
49
64
81
100
121
144
169
196
225
256
289
324
361
400
441
484
529
576
625
676
729
784
841
900
961
1 024
1 089
1 156
6,25
30,7761404365087
53,7372683948626
75,0125203226004
94,5175317766335
116,899961792899
148,43483164237
196,691317189336
258,432368427282
321,871274568123
380,257499077167
438,783324514794
500,476472204095
565,667171127191
634,277292897899
705,751491936222
779,207334553102
852,954737127087
924,302568258508
985,468659903643
1 027,8642651441
1 066,64378612618
1 124,85832440762
1 205,89866221894
1 298,82062132705
1 402,63526898099
1 518,02999882878
1 657,07285126302
1 808,93424357834
1 932,40090444473
1 989,42202980929
1 966,08538353594
1 806,25
9
50,5732974127658
88,7990495612624
122,986927283259
147,238593236097
166,178297101109
214,081313889952
280,281575648577
414,845933984749
515,127540940327
598,204733770901
687,212842313351
780,550517681982
879,470042448586
983,265297701341
1 091,03226542648
1 201,02039464576
1 311,03954771388
1 414,66954781114
1 508,58230185242
1 545,14410488208
1 517,64213870573
1 603,37478836451
1 713,91532385178
1 846,53349837915
1 993,60915063162
2 163,81399295431
2 357,5940719654
2 682,73918413643
2 880,07390092795
2 931,19726403252
2 856,32176103823
2 601
12,25
69,2669011656028
122,517448903384
172,933454509249
215,53129331079
0
0
0
614,276007093568
693,365513408271
797,548248463665
910,868367276867
1 033,49391602368
1 163,76846664979
1 300,8568220896
1 443,32895317762
1 589,34366512762
1 735,91751875345
1 880,25844450064
2 014,86187674183
2 148,25947338401
0
0
0
0
0
0
0
3 686,76881680519
3 839,96527432946
3 902,60045483934
3 818,62401063338
3 540,25
16
85,9956086380399
153,274804225825
220,768251046231
297,523563493813
408,366450702533
508,825881404809
615,160097354115
729,979576336795
841,364445364143
966,181744854796
1 105,48979103835
1 255,53498660507
1 415,57394506337
1 584,32298753255
1 760,34480369833
1 941,4844019361
2 125,36802533165
2 307,28940764083
2 489,5472451863
2 661,05707276514
0
0
0
0
0
0
0
4 601,14066420717
4 810,99465410177
4 909,61629687246
4 867,07215386547
4 624
20,25
98,7857563333363
175,256456717278
255,681921898955
347,124337478965
451,089668353009
564,298315303817
685,138662077978
814,758867927704
953,508376564647
1 103,68131612103
1 267,1343274114
1 443,36724520683
1 631,47054676582
1 830,46247833461
2 038,90420809466
2 254,93313053739
2 475,57808200527
2 698,06319230836
2 915,00936517383
3 134,59845004772
0
0
0
0
0
0
0
5 503,5845115507
5 777,99144160079
5 964,1938807373
6 005,56846474646
5 852,25
25
105,042256490994
184,476831568622
270,117190912698
366,149342629487
475,870888248951
597,018430917235
730,500846985738
876,302821874684
1 034,39471780293
1 206,38434032066
1 392,65980705174
1 593,26618854795
1 807,77674564489
2 035,42584281839
2 275,1405090256
2 525,15383243978
2 783,27697547625
3 043,21019910659
3 301,67667945895
3 512,24896226468
3 668,7620538672
3 943,5796197705
4 250,6748039944
4 587,3787254494
4 946,25314450597
5 335,70368131521
5 756,01749860738
6 312,16255871442
6 750,18856017128
7 049,62122613548
7 227,29076970904
7 225
30,25
101,726583420406
176,111411228294
261,324894967779
360,149612954457
473,895120834232
602,801718730253
746,840999973686
906,17984987969
1 080,99520012323
1 271,69161224281
1 478,50538911429
1 701,48131302546
1 940,39535611834
2 194,89066350533
2 464,3289279737
2 747,80071824274
3 043,62748628465
3 349,16838928369
3 656,82789756054
3 958,2714977898
4 268,28630351045
4 609,32137305367
4 984,66218012209
5 383,65350186308
5 805,31737402863
6 250,27937952877
6 730,22701481294
7 234,31262085632
7 721,66200207554
8 153,70573509201
8 514,65926503366
8 742,25
36
81
144
225
324
441
576
729
900
1 089
1 296
1 521
1 764
2 025
2 304
2 601
2 916
3 249
3 600
3 969
4 356
4 761
5 184
5 625
6 084
6 561
7 056
7 569
8 100
8 649
9 216
9 801
10 404
4
9
16
25
36
49
64
81
100
121
144
169
196
225
256
289
324
361
400
441
484
529
576
625
676
729
784
841
900
961
1 024
1 089
1 156
6,25
30,7761404365089
53,7372683948629
75,0125203226008
94,5175317766337
116,899961792899
148,43483164237
196,691317189336
258,432368427281
321,871274568122
380,257499077166
438,783324514793
500,476472204094
565,66717112719
634,277292897898
705,751491936221
779,207334553101
852,954737127086
924,302568258506
985,468659903641
1 027,8642651441
1 066,64378612618
1 124,85832440762
1 205,89866221894
1 298,82062132705
1 402,63526898099
1 518,02999882878
1 657,07285126302
1 808,93424357833
1 932,40090444473
1 989,42202980928
1 966,08538353594
1 806,25
9
50,5732974127661
88,7990495612625
122,986927283259
147,238593236097
166,17829710111
214,081313889952
280,281575648576
414,845933984747
515,127540940325
598,204733770899
687,212842313349
780,550517681981
879,470042448584
983,265297701341
1 091,03226542648
1 201,02039464576
1 311,03954771388
1 414,66954781114
1 508,58230185242
1 545,14410488208
1 517,64213870573
1 603,37478836451
1 713,91532385178
1 846,53349837916
1 993,60915063162
2 163,81399295432
2 357,5940719654
2 682,73918413643
2 880,07390092795
2 931,19726403252
2 856,32176103823
2 601
12,25
69,2669011656032
122,517448903384
172,933454509249
215,53129331079
0
0
0
614,276007093565
693,365513408269
797,548248463662
910,868367276864
1 033,49391602367
1 163,76846664979
1 300,8568220896
1 443,32895317761
1 589,34366512762
1 735,91751875345
1 880,25844450063
2 014,86187674183
2 148,259473384
0
0
0
0
0
0
0
3 686,76881680519
3 839,96527432945
3 902,60045483933
3 818,62401063338
3 540,25
16
85,9956086380405
153,274804225826
220,768251046231
297,523563493814
408,366450702533
508,825881404809
615,160097354114
729,979576336793
841,36444536414
966,181744854794
1 105,48979103835
1 255,53498660507
1 415,57394506337
1 584,32298753254
1 760,34480369833
1 941,48440193609
2 125,36802533165
2 307,28940764083
2 489,5472451863
2 661,05707276514
0
0
0
0
0
0
0
4 601,14066420717
4 810,99465410177
4 909,61629687246
4 867,07215386547
4 624
20,25
98,7857563333368
175,256456717279
255,681921898955
347,124337478966
451,089668353009
564,298315303816
685,138662077976
814,758867927702
953,508376564644
1 103,68131612102
1 267,13432741139
1 443,36724520683
1 631,47054676582
1 830,4624783346
2 038,90420809466
2 254,93313053738
2 475,57808200526
2 698,06319230836
2 915,00936517383
3 134,59845004772
0
0
0
0
0
0
0
5 503,5845115507
5 777,99144160079
5 964,1938807373
6 005,56846474646
5 852,25
25
105,042256490994
184,476831568622
270,117190912699
366,149342629487
475,870888248951
597,018430917235
730,500846985736
876,302821874683
1 034,39471780293
1 206,38434032065
1 392,65980705174
1 593,26618854795
1 807,77674564489
2 035,42584281839
2 275,1405090256
2 525,15383243977
2 783,27697547625
3 043,21019910659
3 301,67667945895
3 512,24896226468
3 668,7620538672
3 943,5796197705
4 250,6748039944
4 587,3787254494
4 946,25314450596
5 335,70368131521
5 756,01749860738
6 312,16255871442
6 750,18856017128
7 049,62122613547
7 227,29076970904
7 225
30,25
101,726583420406
176,111411228294
261,324894967779
360,149612954457
473,895120834232
602,801718730252
746,840999973685
906,179849879689
1 080,99520012323
1 271,69161224281
1 478,50538911429
1 701,48131302546
1 940,39535611834
2 194,89066350533
2 464,3289279737
2 747,80071824274
3 043,62748628465
3 349,16838928369
3 656,82789756054
3 958,2714977898
4 268,28630351045
4 609,32137305367
4 984,66218012208
5 383,65350186307
5 805,31737402863
6 250,27937952877
6 730,22701481294
7 234,31262085632
7 721,66200207554
8 153,70573509201
8 514,65926503367
8 742,25
36
81
144
225
324
441
576
729
900
1 089
1 296
1 521
1 764
2 025
2 304
2 601
2 916
3 249
3 600
3 969
4 356
4 761
5 184
5 625
6 084
6 561
7 056
7 569
8 100
8 649
9 216
9 801
10 404
4
9
16
25
36
49
64
81
100
121
144
169
196
225
256
289
324
361
400
441
484
529
576
625
676
729
784
841
900
961
1 024
1 089
1 156
6,25
30,7761404365084
53,7372683948626
75,0125203226001
94,5175317766336
116,899961792899
148,43483164237
196,691317189335
258,43236842728
321,871274568119
380,257499077163
438,783324514791
500,476472204092
565,667171127189
634,277292897898
705,75149193622
779,2073345531
852,954737127085
924,302568258504
985,468659903638
1 027,8642651441
1 066,64378612619
1 124,85832440762
1 205,89866221894
1 298,82062132705
1 402,63526898099
1 518,02999882878
1 657,07285126302
1 808,93424357834
1 932,40090444473
1 989,42202980929
1 966,08538353594
1 806,25
9
50,5732974127658
88,7990495612626
122,986927283259
147,238593236097
166,17829710111
214,081313889952
280,281575648575
414,845933984746
515,127540940322
598,204733770898
687,212842313348
780,55051768198
879,470042448583
983,26529770134
1 091,03226542648
1 201,02039464576
1 311,03954771388
1 414,66954781114
1 508,58230185242
1 545,14410488208
1 517,64213870573
1 603,37478836451
1 713,91532385178
1 846,53349837916
1 993,60915063162
2 163,81399295432
2 357,5940719654
2 682,73918413643
2 880,07390092795
2 931,19726403252
2 856,32176103823
2 601
12,25
69,2669011656036
122,517448903385
172,93345450925
215,531293310791
0
0
0
614,276007093563
693,365513408265
797,548248463661
910,868367276863
1 033,49391602367
1 163,76846664979
1 300,8568220896
1 443,32895317761
1 589,34366512762
1 735,91751875344
1 880,25844450063
2 014,86187674182
2 148,259473384
0
0
0
0
0
0
0
3 686,76881680519
3 839,96527432946
3 902,60045483933
3 818,62401063338
3 540,25
16
85,995608638041
153,274804225826
220,768251046232
297,523563493814
408,366450702533
508,825881404809
615,160097354112
729,979576336793
841,364445364139
966,181744854793
1 105,48979103835
1 255,53498660507
1 415,57394506337
1 584,32298753254
1 760,34480369833
1 941,48440193609
2 125,36802533165
2 307,28940764083
2 489,54724518629
2 661,05707276514
0
0
0
0
0
0
0
4 601,14066420716
4 810,99465410177
4 909,61629687246
4 867,07215386547
4 624
20,25
98,7857563333377
175,25645671728
255,681921898957
347,124337478966
451,089668353009
564,298315303816
685,138662077975
814,758867927703
953,508376564644
1 103,68131612102
1 267,13432741139
1 443,36724520683
1 631,47054676582
1 830,4624783346
2 038,90420809466
2 254,93313053739
2 475,57808200526
2 698,06319230836
2 915,00936517383
3 134,59845004772
0
0
0
0
0
0
0
5 503,5845115507
5 777,99144160079
5 964,1938807373
6 005,56846474646
5 852,25
25
105,042256490995
184,476831568623
270,117190912699
366,149342629487
475,870888248951
597,018430917234
730,500846985736
876,302821874683
1 034,39471780293
1 206,38434032065
1 392,65980705174
1 593,26618854795
1 807,77674564489
2 035,42584281839
2 275,1405090256
2 525,15383243977
2 783,27697547625
3 043,21019910659
3 301,67667945895
3 512,24896226468
3 668,7620538672
3 943,5796197705
4 250,6748039944
4 587,3787254494
4 946,25314450596
5 335,70368131521
5 756,01749860738
6 312,16255871442
6 750,18856017128
7 049,62122613548
7 227,29076970904
7 225
30,25
101,726583420406
176,111411228294
261,324894967779
360,149612954457
473,895120834232
602,801718730252
746,840999973685
906,179849879689
1 080,99520012323
1 271,69161224281
1 478,50538911429
1 701,48131302546
1 940,39535611834
2 194,89066350533
2 464,3289279737
2 747,80071824274
3 043,62748628465
3 349,16838928369
3 656,82789756054
3 958,2714977898
4 268,28630351045
4 609,32137305367
4 984,66218012209
5 383,65350186307
5 805,31737402862
6 250,27937952877
6 730,22701481294
7 234,31262085632
7 721,66200207555
8 153,70573509201
8 514,65926503367
8 742,25
36
81
144
225
324
441
576
729
900
1 089
1 296
1 521
1 764
2 025
2 304
2 601
2 916
3 249
3 600
3 969
4 356
4 761
5 184
5 625
6 084
6 561
7 056
7 569
8 100
8 649
9 216
9 801
10 404
